Hello Shalmoli. How are you?
from Sarbajit.




301828086 135094236 505917004 357872634 533645840 461385251 63033951 63033951 461385251 178785721 259778092 168777670 63033951 438349448 505917004 63033951 505917004 353456696 63033951 63033951 135094236 533645840 461385251 301409442 135094236 168777670 135094236 301409442 357872634 385280558 259778092 301828086 301409442 259778092 135094236 178785721 301409442 505917004 385280558 178785721




301828086 135094236 505917004 357872634 533645840 461385251 63033951 63033951 461385251 178785721 259778092 168777670 63033951 438349448 505917004 63033951 505917004 353456696 63033951 63033951 135094236 533645840 461385251 301409442 135094236 168777670 135094236 301409442 357872634 385280558 259778092 301828086 301409442 259778092 135094236 178785721 301409442 505917004 385280558 178785721




301828086 135094236 505917004 357872634 533645840 461385251 63033951 63033951 461385251 178785721 259778092 168777670 63033951 438349448 505917004 63033951 505917004 353456696 63033951 63033951 135094236 533645840 461385251 301409442 135094236 168777670 135094236 301409442 357872634 385280558 259778092 301828086 301409442 259778092 135094236 178785721 301409442 505917004 385280558 178785721




301828086 135094236 505917004 357872634 533645840 461385251 63033951 63033951 461385251 178785721 259778092 168777670 63033951 438349448 505917004 63033951 505917004 353456696 63033951 63033951 135094236 533645840 461385251 301409442 135094236 168777670 135094236 301409442 357872634 385280558 259778092 301828086 301409442 259778092 135094236 178785721 301409442 505917004 385280558 178785721




301828086 135094236 505917004 357872634 533645840 461385251 63033951 63033951 461385251 178785721 259778092 168777670 63033951 438349448 505917004 63033951 505917004 353456696 63033951 63033951 135094236 533645840 461385251 301409442 135094236 168777670 135094236 301409442 357872634 385280558 259778092 301828086 301409442 259778092 135094236 178785721 301409442 505917004 385280558 178785721




301828086 135094236 505917004 357872634 533645840 461385251 63033951 63033951 461385251 178785721 259778092 168777670 63033951 438349448 505917004 63033951 505917004 353456696 63033951 63033951 135094236 533645840 461385251 301409442 135094236 168777670 135094236 301409442 357872634 385280558 259778092 301828086 301409442 259778092 135094236 178785721 301409442 505917004 385280558 178785721




301828086 135094236 505917004 357872634 533645840 461385251 63033951 63033951 461385251 178785721 259778092 168777670 63033951 438349448 505917004 63033951 505917004 353456696 63033951 63033951 135094236 533645840 461385251 301409442 135094236 168777670 135094236 301409442 357872634 385280558 259778092 301828086 301409442 259778092 135094236 178785721 301409442 505917004 385280558 178785721




301828086 135094236 505917004 357872634 533645840 461385251 63033951 63033951 461385251 178785721 259778092 168777670 63033951 438349448 505917004 63033951 505917004 353456696 63033951 63033951 135094236 533645840 461385251 301409442 135094236 168777670 135094236 301409442 357872634 385280558 259778092 301828086 301409442 259778092 135094236 178785721 301409442 505917004 385280558 178785721




301828086 135094236 505917004 357872634 533645840 461385251 63033951 63033951 461385251 178785721 259778092 168777670 63033951 438349448 505917004 63033951 505917004 353456696 63033951 63033951 135094236 533645840 461385251 301409442 135094236 168777670 135094236 301409442 357872634 385280558 259778092 301828086 301409442 259778092 135094236 178785721 301409442 505917004 385280558 178785721